
Исходная матрица: 
[99999, 2, 3, 5, 6, 2, 2, 4, 6, 5, 5, 1, 1, 11, 5, 8, 7, 6, 1]
[2, 99999, 3, 5, 48, 48, 8, 8, 5, 5, 3, 3, 1, 3, 5, 8, 8, 5, 3]
[3, 3, 99999, 3, 48, 48, 8, 8, 5, 5, 1, 1, 3, 1, 3, 8, 8, 5, 4]
[5, 5, 3, 99999, 72, 72, 48, 48, 24, 24, 3, 3, 5, 3, 1, 48, 48, 24, 7]
[6, 48, 48, 74, 99999, 1, 6, 6, 12, 12, 48, 48, 48, 48, 74, 6, 6, 12, 6]
[2, 48, 48, 74, 1, 99999, 6, 6, 12, 12, 48, 48, 48, 48, 74, 6, 6, 12, 2]
[2, 8, 8, 51, 6, 6, 99999, 1, 8, 8, 8, 8, 8, 8, 51, 1, 1, 8, 2]
[4, 8, 8, 51, 6, 6, 8, 99999, 1, 8, 8, 8, 8, 8, 51, 1, 1, 8, 8]
[6, 5, 5, 26, 12, 12, 8, 8, 99999, 1, 5, 5, 5, 5, 26, 8, 8, 1, 12]
[5, 5, 5, 26, 12, 12, 8, 8, 1, 99999, 5, 5, 5, 5, 26, 8, 8, 1, 6]
[5, 3, 1, 3, 48, 48, 8, 8, 5, 5, 99999, 1, 3, 1, 3, 8, 8, 5, 15]
[1, 3, 1, 3, 48, 48, 8, 8, 5, 5, 1, 99999, 3, 1, 3, 8, 8, 5, 11]
[1, 1, 3, 5, 48, 48, 8, 8, 5, 5, 3, 3, 99999, 3, 5, 8, 8, 5, 8]
[11, 3, 1, 3, 48, 48, 8, 8, 5, 5, 1, 1, 3, 99999, 3, 8, 8, 5, 9]
[5, 5, 3, 1, 72, 72, 48, 48, 24, 24, 3, 3, 5, 3, 99999, 48, 48, 24, 7]
[8, 8, 8, 51, 6, 6, 1, 1, 8, 8, 8, 8, 8, 8, 51, 99999, 1, 8, 7]
[7, 8, 8, 51, 6, 6, 1, 1, 8, 8, 8, 8, 8, 8, 51, 1, 99999, 8, 5]
[6, 5, 5, 26, 12, 12, 8, 8, 1, 1, 5, 5, 5, 5, 26, 8, 8, 99999, 3]
[1, 3, 4, 7, 6, 2, 2, 8, 12, 6, 15, 11, 8, 9, 7, 7, 5, 3, 99999]

t = 800, k = 0.5
Исходное решение: 
s = [1, 10, 19, 4, 6, 17, 5, 14, 13, 16, 18, 15, 3, 11, 8, 7, 9, 2, 12, 1], f(s) = 232
Лучшее решение
s = [1, 7, 16, 17, 8, 9, 2, 13, 12, 4, 15, 14, 3, 11, 10, 18, 19, 6, 5, 1]; f(s) = 42
Завершено на итерации номер 12 при t = 800

t = 800, k = 0.6
Исходное решение: 
s = [1, 10, 19, 4, 6, 17, 5, 14, 13, 16, 18, 15, 3, 11, 8, 7, 9, 2, 12, 1], f(s) = 232
Лучшее решение
s = [1, 13, 18, 10, 9, 2, 19, 6, 5, 16, 7, 8, 17, 11, 15, 4, 3, 14, 12, 1]; f(s) = 46
Завершено на итерации номер 16 при t = 800

t = 800, k = 0.7
Исходное решение: 
s = [1, 10, 19, 4, 6, 17, 5, 14, 13, 16, 18, 15, 3, 11, 8, 7, 9, 2, 12, 1], f(s) = 232
Лучшее решение
s = [1, 19, 6, 5, 16, 2, 4, 15, 3, 11, 7, 17, 8, 9, 13, 18, 10, 14, 12, 1]; f(s) = 57
Завершено на итерации номер 21 при t = 800

t = 800, k = 0.8
Исходное решение: 
s = [1, 10, 19, 4, 6, 17, 5, 14, 13, 16, 18, 15, 3, 11, 8, 7, 9, 2, 12, 1], f(s) = 232
Лучшее решение
s = [1, 10, 9, 17, 8, 16, 7, 5, 6, 19, 2, 14, 11, 15, 4, 3, 12, 18, 13, 1]; f(s) = 52
Завершено на итерации номер 32 при t = 800

t = 800, k = 0.9
Исходное решение: 
s = [1, 10, 19, 4, 6, 17, 5, 14, 13, 16, 18, 15, 3, 11, 8, 7, 9, 2, 12, 1], f(s) = 232
Лучшее решение
s = [1, 7, 16, 17, 8, 9, 10, 18, 13, 4, 3, 15, 11, 12, 14, 2, 19, 6, 5, 1]; f(s) = 44
Завершено на итерации номер 66 при t = 800

t = 1200, k = 0.5
Исходное решение: 
s = [1, 10, 19, 4, 6, 17, 5, 14, 13, 16, 18, 15, 3, 11, 8, 7, 9, 2, 12, 1], f(s) = 232
Лучшее решение
s = [1, 2, 9, 8, 17, 7, 16, 5, 6, 19, 3, 12, 4, 15, 14, 11, 18, 10, 13, 1]; f(s) = 52
Завершено на итерации номер 13 при t = 1200

t = 1200, k = 0.6
Исходное решение: 
s = [1, 10, 19, 4, 6, 17, 5, 14, 13, 16, 18, 15, 3, 11, 8, 7, 9, 2, 12, 1], f(s) = 232
Лучшее решение
s = [1, 12, 4, 15, 11, 16, 5, 6, 19, 7, 17, 8, 9, 18, 10, 3, 14, 2, 13, 1]; f(s) = 43
Завершено на итерации номер 16 при t = 1200

t = 1200, k = 0.7
Исходное решение: 
s = [1, 10, 19, 4, 6, 17, 5, 14, 13, 16, 18, 15, 3, 11, 8, 7, 9, 2, 12, 1], f(s) = 232
Лучшее решение
s = [1, 19, 7, 8, 9, 10, 18, 13, 2, 12, 11, 15, 4, 3, 14, 16, 17, 5, 6, 1]; f(s) = 43
Завершено на итерации номер 22 при t = 1200

t = 1200, k = 0.8
Исходное решение: 
s = [1, 10, 19, 4, 6, 17, 5, 14, 13, 16, 18, 15, 3, 11, 8, 7, 9, 2, 12, 1], f(s) = 232
Лучшее решение
s = [1, 12, 11, 4, 15, 14, 3, 19, 6, 5, 17, 7, 16, 8, 9, 10, 18, 2, 13, 1]; f(s) = 36
Завершено на итерации номер 34 при t = 1200

t = 1200, k = 0.9
Исходное решение: 
s = [1, 10, 19, 4, 6, 17, 5, 14, 13, 16, 18, 15, 3, 11, 8, 7, 9, 2, 12, 1], f(s) = 232
Лучшее решение
s = [1, 7, 16, 8, 9, 18, 10, 17, 5, 6, 19, 3, 14, 4, 15, 12, 11, 2, 13, 1]; f(s) = 42
Завершено на итерации номер 70 при t = 1200

t = 1800, k = 0.5
Исходное решение: 
s = [1, 10, 19, 4, 6, 17, 5, 14, 13, 16, 18, 15, 3, 11, 8, 7, 9, 2, 12, 1], f(s) = 232
Лучшее решение
s = [1, 6, 5, 19, 18, 10, 17, 16, 7, 8, 9, 2, 13, 14, 15, 4, 11, 3, 12, 1]; f(s) = 44
Завершено на итерации номер 13 при t = 1800

t = 1800, k = 0.6
Исходное решение: 
s = [1, 10, 19, 4, 6, 17, 5, 14, 13, 16, 18, 15, 3, 11, 8, 7, 9, 2, 12, 1], f(s) = 232
Лучшее решение
s = [1, 13, 3, 18, 10, 9, 2, 16, 8, 5, 6, 19, 7, 17, 14, 12, 4, 15, 11, 1]; f(s) = 58
Завершено на итерации номер 17 при t = 1800

t = 1800, k = 0.7
Исходное решение: 
s = [1, 10, 19, 4, 6, 17, 5, 14, 13, 16, 18, 15, 3, 11, 8, 7, 9, 2, 12, 1], f(s) = 232
Лучшее решение
s = [1, 12, 14, 3, 15, 4, 11, 13, 2, 19, 6, 5, 17, 7, 16, 8, 9, 18, 10, 1]; f(s) = 37
Завершено на итерации номер 24 при t = 1800

t = 1800, k = 0.8
Исходное решение: 
s = [1, 10, 19, 4, 6, 17, 5, 14, 13, 16, 18, 15, 3, 11, 8, 7, 9, 2, 12, 1], f(s) = 232
Лучшее решение
s = [1, 6, 5, 17, 16, 8, 9, 18, 10, 14, 4, 15, 11, 12, 3, 7, 19, 2, 13, 1]; f(s) = 43
Завершено на итерации номер 36 при t = 1800

t = 1800, k = 0.9
Исходное решение: 
s = [1, 10, 19, 4, 6, 17, 5, 14, 13, 16, 18, 15, 3, 11, 8, 7, 9, 2, 12, 1], f(s) = 232
Лучшее решение
s = [1, 15, 4, 12, 14, 3, 11, 7, 8, 17, 16, 6, 5, 19, 18, 9, 10, 2, 13, 1]; f(s) = 48
Завершено на итерации номер 74 при t = 1800

Минимальный путь [1, 12, 11, 4, 15, 14, 3, 19, 6, 5, 17, 7, 16, 8, 9, 10, 18, 2, 13, 1] длиной 36 достигнут при t = 1200, k = 0.8
Среднее с параметром t = 1200, k = 0.8  равно 42.4
Исходная матрица: 
[99999, 1, 1, 1, 1, 1, 1, 1, 1, 1, 1, 1, 1, 1, 1, 1, 1, 1, 1]
[1, 99999, 3, 5, 48, 48, 8, 8, 5, 5, 3, 3, 1, 3, 5, 8, 8, 5, 1]
[1, 3, 99999, 3, 48, 48, 8, 8, 5, 5, 1, 1, 3, 1, 3, 8, 8, 5, 1]
[1, 5, 3, 99999, 72, 72, 48, 48, 24, 24, 3, 3, 5, 3, 1, 48, 48, 24, 1]
[1, 48, 48, 74, 99999, 1, 6, 6, 12, 12, 48, 48, 48, 48, 74, 6, 6, 12, 1]
[1, 48, 48, 74, 1, 99999, 6, 6, 12, 12, 48, 48, 48, 48, 74, 6, 6, 12, 1]
[1, 8, 8, 51, 6, 6, 99999, 1, 8, 8, 8, 8, 8, 8, 51, 1, 1, 8, 1]
[1, 8, 8, 51, 6, 6, 1, 99999, 8, 8, 8, 8, 8, 8, 51, 1, 1, 8, 1]
[1, 5, 5, 26, 12, 12, 8, 8, 99999, 1, 5, 5, 5, 5, 26, 8, 8, 1, 1]
[1, 5, 5, 26, 12, 12, 8, 8, 1, 99999, 5, 5, 5, 5, 26, 8, 8, 1, 1]
[1, 3, 1, 3, 48, 48, 8, 8, 5, 5, 99999, 1, 3, 1, 3, 8, 8, 5, 1]
[1, 3, 1, 3, 48, 48, 8, 8, 5, 5, 1, 99999, 3, 1, 3, 8, 8, 5, 1]
[1, 1, 3, 5, 48, 48, 8, 8, 5, 5, 3, 3, 99999, 3, 5, 8, 8, 5, 1]
[1, 3, 1, 3, 48, 48, 8, 8, 5, 5, 1, 1, 3, 99999, 3, 8, 8, 5, 1]
[1, 5, 3, 1, 72, 72, 48, 48, 24, 24, 3, 3, 5, 3, 99999, 48, 48, 24, 1]
[1, 8, 8, 51, 6, 6, 1, 1, 8, 8, 8, 8, 8, 8, 51, 99999, 1, 8, 1]
[1, 8, 8, 51, 6, 6, 1, 1, 8, 8, 8, 8, 8, 8, 51, 1, 99999, 8, 1]
[1, 5, 5, 26, 12, 12, 8, 8, 1, 1, 5, 5, 5, 5, 26, 8, 8, 99999, 1]
[1, 1, 1, 1, 1, 1, 1, 1, 1, 1, 1, 1, 1, 1, 1, 1, 1, 1, 99999]

t = 800, k = 0.5
Исходное решение: 
s = [1, 18, 5, 9, 13, 14, 7, 19, 12, 15, 16, 4, 6, 8, 2, 3, 17, 10, 11, 1], f(s) = 256
Лучшее решение
s = [1, 6, 5, 19, 15, 4, 12, 11, 16, 17, 8, 7, 14, 3, 13, 2, 10, 9, 18, 1]; f(s) = 41
Завершено на итерации номер 12 при t = 800

t = 800, k = 0.6
Исходное решение: 
s = [1, 18, 5, 9, 13, 14, 7, 19, 12, 15, 16, 4, 6, 8, 2, 3, 17, 10, 11, 1], f(s) = 256
Лучшее решение
s = [1, 2, 13, 11, 12, 15, 4, 14, 3, 18, 9, 10, 19, 17, 8, 7, 16, 6, 5, 1]; f(s) = 34
Завершено на итерации номер 16 при t = 800

t = 800, k = 0.7
Исходное решение: 
s = [1, 18, 5, 9, 13, 14, 7, 19, 12, 15, 16, 4, 6, 8, 2, 3, 17, 10, 11, 1], f(s) = 256
Лучшее решение
s = [1, 4, 15, 12, 14, 3, 11, 2, 13, 9, 10, 18, 19, 6, 5, 8, 17, 16, 7, 1]; f(s) = 32
Завершено на итерации номер 21 при t = 800

t = 800, k = 0.8
Исходное решение: 
s = [1, 18, 5, 9, 13, 14, 7, 19, 12, 15, 16, 4, 6, 8, 2, 3, 17, 10, 11, 1], f(s) = 256
Лучшее решение
s = [1, 5, 6, 17, 16, 7, 8, 19, 11, 3, 12, 13, 2, 18, 10, 9, 14, 4, 15, 1]; f(s) = 36
Завершено на итерации номер 32 при t = 800

t = 800, k = 0.9
Исходное решение: 
s = [1, 18, 5, 9, 13, 14, 7, 19, 12, 15, 16, 4, 6, 8, 2, 3, 17, 10, 11, 1], f(s) = 256
Лучшее решение
s = [1, 4, 15, 11, 2, 13, 12, 3, 14, 8, 16, 17, 7, 6, 5, 19, 18, 9, 10, 1]; f(s) = 37
Завершено на итерации номер 66 при t = 800

t = 1200, k = 0.5
Исходное решение: 
s = [1, 18, 5, 9, 13, 14, 7, 19, 12, 15, 16, 4, 6, 8, 2, 3, 17, 10, 11, 1], f(s) = 256
Лучшее решение
s = [1, 16, 17, 7, 8, 9, 10, 18, 13, 2, 14, 11, 3, 12, 4, 15, 19, 6, 5, 1]; f(s) = 34
Завершено на итерации номер 13 при t = 1200

t = 1200, k = 0.6
Исходное решение: 
s = [1, 18, 5, 9, 13, 14, 7, 19, 12, 15, 16, 4, 6, 8, 2, 3, 17, 10, 11, 1], f(s) = 256
Лучшее решение
s = [1, 15, 4, 11, 3, 12, 14, 9, 18, 13, 2, 8, 16, 7, 17, 5, 6, 19, 10, 1]; f(s) = 41
Завершено на итерации номер 16 при t = 1200

t = 1200, k = 0.7
Исходное решение: 
s = [1, 18, 5, 9, 13, 14, 7, 19, 12, 15, 16, 4, 6, 8, 2, 3, 17, 10, 11, 1], f(s) = 256
Лучшее решение
s = [1, 15, 4, 19, 10, 9, 18, 3, 11, 14, 12, 13, 2, 17, 16, 7, 8, 5, 6, 1]; f(s) = 37
Завершено на итерации номер 22 при t = 1200

t = 1200, k = 0.8
Исходное решение: 
s = [1, 18, 5, 9, 13, 14, 7, 19, 12, 15, 16, 4, 6, 8, 2, 3, 17, 10, 11, 1], f(s) = 256
Лучшее решение
s = [1, 18, 2, 16, 7, 17, 8, 6, 5, 19, 13, 12, 15, 4, 3, 14, 11, 9, 10, 1]; f(s) = 45
Завершено на итерации номер 34 при t = 1200

t = 1200, k = 0.9
Исходное решение: 
s = [1, 18, 5, 9, 13, 14, 7, 19, 12, 15, 16, 4, 6, 8, 2, 3, 17, 10, 11, 1], f(s) = 256
Лучшее решение
s = [1, 6, 5, 8, 7, 16, 17, 19, 18, 10, 9, 12, 3, 14, 11, 15, 4, 2, 13, 1]; f(s) = 34
Завершено на итерации номер 70 при t = 1200

t = 1800, k = 0.5
Исходное решение: 
s = [1, 18, 5, 9, 13, 14, 7, 19, 12, 15, 16, 4, 6, 8, 2, 3, 17, 10, 11, 1], f(s) = 256
Лучшее решение
s = [1, 18, 10, 9, 19, 5, 6, 16, 2, 13, 15, 4, 11, 14, 3, 12, 8, 7, 17, 1]; f(s) = 44
Завершено на итерации номер 13 при t = 1800

t = 1800, k = 0.6
Исходное решение: 
s = [1, 18, 5, 9, 13, 14, 7, 19, 12, 15, 16, 4, 6, 8, 2, 3, 17, 10, 11, 1], f(s) = 256
Лучшее решение
s = [1, 2, 13, 4, 15, 11, 12, 14, 3, 10, 18, 9, 19, 6, 5, 7, 8, 16, 17, 1]; f(s) = 34
Завершено на итерации номер 17 при t = 1800

t = 1800, k = 0.7
Исходное решение: 
s = [1, 18, 5, 9, 13, 14, 7, 19, 12, 15, 16, 4, 6, 8, 2, 3, 17, 10, 11, 1], f(s) = 256
Лучшее решение
s = [1, 6, 5, 8, 16, 7, 17, 19, 10, 18, 9, 2, 13, 3, 14, 11, 12, 15, 4, 1]; f(s) = 32
Завершено на итерации номер 24 при t = 1800

t = 1800, k = 0.8
Исходное решение: 
s = [1, 18, 5, 9, 13, 14, 7, 19, 12, 15, 16, 4, 6, 8, 2, 3, 17, 10, 11, 1], f(s) = 256
Лучшее решение
s = [1, 8, 17, 16, 7, 5, 6, 19, 9, 18, 10, 2, 13, 14, 3, 12, 11, 4, 15, 1]; f(s) = 32
Завершено на итерации номер 36 при t = 1800

t = 1800, k = 0.9
Исходное решение: 
s = [1, 18, 5, 9, 13, 14, 7, 19, 12, 15, 16, 4, 6, 8, 2, 3, 17, 10, 11, 1], f(s) = 256
Лучшее решение
s = [1, 10, 18, 9, 13, 2, 19, 6, 5, 7, 17, 8, 16, 14, 12, 11, 3, 15, 4, 1]; f(s) = 37
Завершено на итерации номер 74 при t = 1800

Минимальный путь [1, 8, 17, 16, 7, 5, 6, 19, 9, 18, 10, 2, 13, 14, 3, 12, 11, 4, 15, 1] длиной 32 достигнут при t = 1800, k = 0.8
Среднее с параметром t = 1800, k = 0.8  равно 37.7
Исходная матрица: 
[99999, 1, 1, 1, 1, 1, 1, 1, 1, 1, 1, 1, 1, 1, 1, 1, 1, 1, 1, 1, 12]
[1, 99999, 23, 12, 12, 11, 18, 23, 21, 15, 18, 11, 14, 12, 23, 12, 21, 21, 21, 21, 1]
[1, 21, 99999, 14, 14, 15, 24, 12, 11, 21, 24, 16, 23, 23, 12, 23, 11, 25, 25, 25, 1]
[1, 12, 18, 99999, 4, 11, 23, 18, 15, 13, 23, 11, 18, 16, 18, 15, 15, 23, 23, 23, 1]
[1, 12, 18, 6, 99999, 11, 23, 18, 15, 13, 23, 11, 18, 16, 18, 15, 15, 23, 23, 23, 1]
[1, 25, 33, 27, 27, 99999, 21, 33, 31, 25, 21, 26, 23, 24, 33, 24, 31, 18, 21, 21, 1]
[1, 23, 1, 18, 18, 21, 99999, 1, 11, 23, 26, 21, 24, 24, 1, 24, 11, 27, 27, 27, 1]
[1, 14, 16, 11, 11, 11, 23, 99999, 14, 15, 23, 12, 21, 18, 16, 16, 14, 24, 23, 23, 1]
[1, 23, 1, 18, 18, 21, 26, 1, 99999, 23, 26, 21, 24, 24, 1, 24, 11, 27, 27, 27, 1]
[1, 16, 26, 23, 23, 21, 1, 26, 25, 99999, 11, 21, 12, 12, 26, 14, 25, 11, 11, 11, 1]
[1, 11, 23, 12, 12, 11, 18, 23, 21, 15, 99999, 11, 14, 12, 23, 12, 21, 21, 21, 21, 1]
[1, 11, 23, 12, 12, 11, 18, 23, 21, 15, 18, 99999, 14, 12, 23, 12, 21, 21, 21, 21, 1]
[1, 12, 24, 18, 18, 16, 12, 24, 24, 13, 12, 15, 99999, 11, 24, 11, 24, 14, 12, 12, 1]
[1, 23, 1, 18, 18, 21, 26, 1, 11, 23, 26, 21, 24, 99999, 1, 24, 11, 27, 27, 27, 1]
[1, 11, 24, 15, 15, 14, 14, 24, 23, 11, 14, 12, 11, 11, 99999, 1, 23, 16, 15, 15, 1]
[1, 21, 11, 15, 15, 16, 25, 11, 1, 21, 25, 18, 24, 23, 11, 99999, 6, 26, 25, 25, 1]
[1, 25, 33, 27, 27, 27, 21, 33, 31, 25, 21, 26, 23, 24, 33, 24, 99999, 18, 21, 21, 1]
[1, 21, 27, 23, 23, 23, 15, 27, 26, 21, 11, 23, 14, 15, 27, 16, 26, 99999, 11, 11, 1]
[1, 12, 24, 16, 16, 15, 12, 24, 23, 15, 12, 14, 11, 1, 24, 11, 23, 15, 99999, 14, 1]
[1, 25, 33, 27, 27, 27, 21, 33, 31, 25, 21, 26, 23, 24, 33, 24, 31, 18, 21, 99999, 1]
[12, 1, 1, 1, 1, 1, 1, 1, 1, 1, 1, 1, 1, 1, 1, 1, 1, 1, 1, 1, 99999]

t = 800, k = 0.5
Исходное решение: 
s = [1, 7, 14, 12, 4, 13, 15, 11, 18, 20, 9, 5, 16, 17, 19, 6, 8, 21, 3, 2, 10, 1], f(s) = 324
Лучшее решение
s = [1, 9, 3, 4, 5, 12, 2, 16, 17, 21, 11, 10, 7, 8, 6, 19, 14, 15, 13, 18, 20, 1]; f(s) = 150
Завершено на итерации номер 12 при t = 800

t = 800, k = 0.6
Исходное решение: 
s = [1, 7, 14, 12, 4, 13, 15, 11, 18, 20, 9, 5, 16, 17, 19, 6, 8, 21, 3, 2, 10, 1], f(s) = 324
Лучшее решение
s = [1, 11, 6, 18, 20, 21, 13, 2, 4, 5, 10, 7, 8, 12, 16, 9, 15, 19, 14, 3, 17, 1]; f(s) = 141
Завершено на итерации номер 16 при t = 800

t = 800, k = 0.7
Исходное решение: 
s = [1, 7, 14, 12, 4, 13, 15, 11, 18, 20, 9, 5, 16, 17, 19, 6, 8, 21, 3, 2, 10, 1], f(s) = 324
Лучшее решение
s = [1, 13, 20, 19, 14, 8, 12, 2, 4, 5, 9, 15, 16, 17, 18, 11, 6, 21, 10, 7, 3, 1]; f(s) = 143
Завершено на итерации номер 21 при t = 800

t = 800, k = 0.8
Исходное решение: 
s = [1, 7, 14, 12, 4, 13, 15, 11, 18, 20, 9, 5, 16, 17, 19, 6, 8, 21, 3, 2, 10, 1], f(s) = 324
Лучшее решение
s = [1, 9, 8, 10, 7, 3, 6, 21, 20, 18, 11, 4, 5, 12, 2, 16, 17, 19, 14, 15, 13, 1]; f(s) = 156
Завершено на итерации номер 32 при t = 800

t = 800, k = 0.9
Исходное решение: 
s = [1, 7, 14, 12, 4, 13, 15, 11, 18, 20, 9, 5, 16, 17, 19, 6, 8, 21, 3, 2, 10, 1], f(s) = 324
Лучшее решение
s = [1, 19, 14, 3, 17, 18, 20, 21, 11, 5, 4, 12, 2, 13, 10, 7, 15, 16, 9, 8, 6, 1]; f(s) = 129
Завершено на итерации номер 66 при t = 800

t = 1200, k = 0.5
Исходное решение: 
s = [1, 7, 14, 12, 4, 13, 15, 11, 18, 20, 9, 5, 16, 17, 19, 6, 8, 21, 3, 2, 10, 1], f(s) = 324
Лучшее решение
s = [1, 4, 5, 12, 10, 11, 2, 13, 19, 14, 3, 9, 15, 16, 17, 21, 7, 8, 6, 18, 20, 1]; f(s) = 144
Завершено на итерации номер 13 при t = 1200

t = 1200, k = 0.6
Исходное решение: 
s = [1, 7, 14, 12, 4, 13, 15, 11, 18, 20, 9, 5, 16, 17, 19, 6, 8, 21, 3, 2, 10, 1], f(s) = 324
Лучшее решение
s = [1, 18, 11, 12, 2, 6, 21, 4, 5, 10, 7, 8, 13, 19, 14, 3, 9, 15, 16, 17, 20, 1]; f(s) = 142
Завершено на итерации номер 16 при t = 1200

t = 1200, k = 0.7
Исходное решение: 
s = [1, 7, 14, 12, 4, 13, 15, 11, 18, 20, 9, 5, 16, 17, 19, 6, 8, 21, 3, 2, 10, 1], f(s) = 324
Лучшее решение
s = [1, 10, 7, 3, 17, 18, 20, 21, 11, 16, 9, 15, 2, 13, 19, 14, 8, 5, 4, 12, 6, 1]; f(s) = 138
Завершено на итерации номер 22 при t = 1200

t = 1200, k = 0.8
Исходное решение: 
s = [1, 7, 14, 12, 4, 13, 15, 11, 18, 20, 9, 5, 16, 17, 19, 6, 8, 21, 3, 2, 10, 1], f(s) = 324
Лучшее решение
s = [1, 20, 10, 7, 8, 6, 21, 4, 5, 12, 2, 13, 19, 14, 3, 9, 15, 18, 11, 16, 17, 1]; f(s) = 153
Завершено на итерации номер 34 при t = 1200

t = 1200, k = 0.9
Исходное решение: 
s = [1, 7, 14, 12, 4, 13, 15, 11, 18, 20, 9, 5, 16, 17, 19, 6, 8, 21, 3, 2, 10, 1], f(s) = 324
Лучшее решение
s = [1, 6, 18, 11, 2, 4, 5, 10, 7, 3, 17, 21, 19, 14, 15, 16, 9, 8, 12, 13, 20, 1]; f(s) = 129
Завершено на итерации номер 70 при t = 1200

t = 1800, k = 0.5
Исходное решение: 
s = [1, 7, 14, 12, 4, 13, 15, 11, 18, 20, 9, 5, 16, 17, 19, 6, 8, 21, 3, 2, 10, 1], f(s) = 324
Лучшее решение
s = [1, 10, 7, 3, 9, 15, 16, 17, 18, 20, 21, 11, 13, 19, 14, 8, 12, 2, 4, 5, 6, 1]; f(s) = 132
Завершено на итерации номер 13 при t = 1800

t = 1800, k = 0.6
Исходное решение: 
s = [1, 7, 14, 12, 4, 13, 15, 11, 18, 20, 9, 5, 16, 17, 19, 6, 8, 21, 3, 2, 10, 1], f(s) = 324
Лучшее решение
s = [1, 18, 11, 4, 5, 6, 21, 19, 14, 15, 16, 17, 10, 7, 3, 9, 8, 12, 2, 13, 20, 1]; f(s) = 139
Завершено на итерации номер 17 при t = 1800

t = 1800, k = 0.7
Исходное решение: 
s = [1, 7, 14, 12, 4, 13, 15, 11, 18, 20, 9, 5, 16, 17, 19, 6, 8, 21, 3, 2, 10, 1], f(s) = 324
Лучшее решение
s = [1, 6, 21, 13, 19, 14, 3, 8, 12, 4, 5, 9, 15, 16, 17, 18, 20, 11, 2, 10, 7, 1]; f(s) = 158
Завершено на итерации номер 24 при t = 1800

t = 1800, k = 0.8
Исходное решение: 
s = [1, 7, 14, 12, 4, 13, 15, 11, 18, 20, 9, 5, 16, 17, 19, 6, 8, 21, 3, 2, 10, 1], f(s) = 324
Лучшее решение
s = [1, 6, 18, 11, 12, 16, 9, 15, 2, 13, 19, 14, 8, 4, 5, 10, 7, 3, 17, 21, 20, 1]; f(s) = 138
Завершено на итерации номер 36 при t = 1800

t = 1800, k = 0.9
Исходное решение: 
s = [1, 7, 14, 12, 4, 13, 15, 11, 18, 20, 9, 5, 16, 17, 19, 6, 8, 21, 3, 2, 10, 1], f(s) = 324
Лучшее решение
s = [1, 4, 5, 2, 12, 13, 19, 14, 3, 17, 21, 20, 18, 11, 16, 9, 15, 10, 7, 8, 6, 1]; f(s) = 137
Завершено на итерации номер 74 при t = 1800

Минимальный путь [1, 6, 18, 11, 2, 4, 5, 10, 7, 3, 17, 21, 19, 14, 15, 16, 9, 8, 12, 13, 20, 1] длиной 129 достигнут при t = 1200, k = 0.9
Среднее с параметром t = 1200, k = 0.9  равно 139.12
Исходная матрица: 
[99999, 1, 1, 1, 1, 1, 1, 1, 1, 1, 1, 1, 1, 1, 1, 1, 1, 1, 1, 1, 1, 1, 1, 1, 1, 1, 1, 1, 1]
[1, 99999, 23, 11, 23, 18, 11, 12, 12, 10, 23, 20, 16, 14, 25, 21, 23, 12, 20, 10, 25, 15, 15, 15, 14, 12, 12, 8, 1]
[1, 14, 99999, 15, 12, 23, 21, 14, 12, 20, 27, 10, 10, 20, 30, 11, 12, 23, 25, 20, 30, 24, 24, 24, 23, 12, 14, 18, 1]
[1, 18, 1, 99999, 1, 24, 23, 18, 16, 23, 29, 11, 14, 23, 31, 10, 1, 24, 27, 23, 31, 25, 25, 25, 24, 16, 18, 23, 1]
[1, 21, 25, 20, 99999, 11, 14, 21, 23, 15, 15, 24, 24, 15, 21, 25, 25, 12, 11, 15, 21, 10, 10, 10, 11, 23, 21, 16, 1]
[1, 12, 23, 11, 23, 99999, 11, 12, 12, 10, 23, 20, 16, 14, 25, 21, 23, 12, 20, 10, 25, 15, 15, 15, 14, 12, 12, 8, 1]
[1, 6, 18, 10, 18, 18, 99999, 7, 10, 12, 24, 15, 13, 12, 27, 16, 18, 15, 23, 12, 27, 20, 20, 20, 18, 11, 4, 12, 1]
[1, 10, 16, 11, 16, 20, 15, 99999, 5, 14, 25, 14, 15, 14, 27, 15, 16, 16, 23, 14, 27, 21, 21, 21, 20, 12, 10, 12, 1]
[1, 12, 23, 11, 23, 18, 11, 12, 99999, 10, 23, 20, 16, 14, 25, 21, 23, 12, 20, 10, 25, 15, 15, 15, 14, 12, 12, 8, 1]
[1, 27, 33, 27, 33, 23, 24, 27, 28, 99999, 14, 31, 30, 25, 10, 31, 33, 24, 20, 25, 10, 23, 23, 23, 23, 28, 27, 25, 1]
[1, 18, 1, 20, 1, 24, 23, 18, 16, 23, 99999, 11, 14, 23, 31, 10, 1, 24, 27, 23, 31, 25, 25, 25, 24, 16, 18, 23, 1]
[1, 18, 1, 20, 1, 24, 23, 18, 16, 23, 29, 99999, 14, 23, 31, 10, 1, 24, 27, 23, 31, 25, 25, 25, 24, 16, 18, 23, 1]
[1, 10, 20, 1, 20, 18, 12, 10, 11, 12, 24, 16, 99999, 14, 26, 18, 20, 14, 23, 12, 26, 18, 18, 18, 16, 12, 10, 11, 1]
[1, 27, 33, 27, 33, 23, 24, 27, 28, 25, 14, 31, 30, 99999, 10, 31, 33, 24, 20, 25, 10, 23, 23, 23, 23, 28, 27, 25, 1]
[1, 18, 1, 20, 1, 24, 23, 18, 16, 23, 29, 11, 14, 23, 99999, 10, 1, 24, 27, 23, 31, 25, 25, 25, 24, 16, 18, 23, 1]
[1, 18, 1, 20, 1, 24, 23, 18, 16, 23, 29, 11, 14, 23, 31, 99999, 1, 24, 27, 23, 31, 25, 25, 25, 24, 16, 18, 23, 1]
[1, 18, 24, 16, 24, 15, 12, 18, 20, 12, 18, 24, 23, 12, 23, 24, 99999, 11, 12, 12, 23, 10, 10, 10, 7, 20, 18, 14, 1]
[1, 24, 28, 23, 28, 15, 20, 24, 24, 21, 15, 27, 25, 21, 15, 27, 28, 99999, 11, 21, 15, 14, 14, 14, 15, 24, 24, 23, 1]
[1, 15, 24, 14, 24, 18, 10, 15, 16, 11, 21, 23, 21, 14, 24, 23, 24, 1, 99999, 11, 24, 12, 12, 12, 11, 16, 15, 12, 1]
[1, 24, 29, 24, 29, 18, 23, 24, 25, 23, 1, 28, 27, 23, 12, 28, 29, 21, 12, 99999, 12, 16, 16, 16, 18, 25, 24, 23, 1]
[1, 27, 31, 26, 31, 23, 24, 27, 27, 24, 12, 31, 29, 24, 1, 31, 31, 24, 18, 24, 99999, 23, 23, 23, 23, 27, 27, 25, 1]
[1, 20, 25, 18, 25, 18, 12, 20, 21, 14, 16, 24, 23, 14, 23, 24, 25, 12, 12, 14, 23, 99999, 5, 6, 10, 21, 20, 15, 1]
[1, 20, 25, 18, 25, 15, 12, 20, 21, 14, 16, 24, 23, 14, 23, 24, 25, 12, 12, 14, 23, 9, 99999, 3, 10, 21, 20, 15, 1]
[1, 20, 25, 18, 25, 15, 12, 20, 21, 14, 16, 24, 23, 14, 23, 24, 25, 12, 12, 14, 23, 9, 2, 99999, 10, 21, 20, 15, 1]
[1, 15, 11, 16, 11, 24, 23, 15, 14, 21, 28, 1, 15, 21, 31, 10, 11, 23, 25, 21, 31, 24, 24, 24, 99999, 14, 15, 20, 1]
[1, 8, 18, 10, 18, 18, 14, 9, 10, 12, 24, 15, 15, 14, 27, 16, 18, 15, 23, 12, 27, 20, 20, 20, 18, 99999, 5, 12, 1]
[1, 12, 23, 11, 23, 18, 11, 12, 12, 10, 23, 20, 16, 14, 25, 21, 23, 12, 20, 10, 25, 15, 15, 15, 14, 12, 99999, 8, 1]
[1, 16, 10, 18, 10, 24, 23, 16, 15, 23, 28, 10, 15, 23, 31, 1, 10, 23, 26, 23, 31, 24, 24, 24, 24, 15, 16, 99999, 1]
[1, 1, 1, 1, 1, 1, 1, 1, 1, 1, 1, 1, 1, 1, 1, 1, 1, 1, 1, 1, 1, 1, 1, 1, 1, 1, 1, 1, 99999]

t = 800, k = 0.5
Исходное решение: 
s = [1, 19, 13, 27, 12, 5, 22, 6, 28, 7, 8, 15, 24, 3, 20, 10, 18, 2, 4, 11, 23, 26, 21, 29, 16, 9, 17, 25, 14, 1], f(s) = 470
Лучшее решение
s = [1, 20, 11, 24, 23, 25, 12, 5, 6, 10, 21, 15, 13, 4, 17, 14, 19, 18, 29, 26, 27, 22, 7, 8, 9, 2, 28, 16, 3, 1]; f(s) = 191
Завершено на итерации номер 12 при t = 800

t = 800, k = 0.6
Исходное решение: 
s = [1, 19, 13, 27, 12, 5, 22, 6, 28, 7, 8, 15, 24, 3, 20, 10, 18, 2, 4, 11, 23, 26, 21, 29, 16, 9, 17, 25, 14, 1], f(s) = 470
Лучшее решение
s = [1, 6, 8, 9, 10, 19, 18, 29, 13, 4, 14, 21, 15, 12, 3, 26, 20, 11, 5, 25, 27, 7, 2, 28, 16, 17, 22, 24, 23, 1]; f(s) = 196
Завершено на итерации номер 16 при t = 800

t = 800, k = 0.7
Исходное решение: 
s = [1, 19, 13, 27, 12, 5, 22, 6, 28, 7, 8, 15, 24, 3, 20, 10, 18, 2, 4, 11, 23, 26, 21, 29, 16, 9, 17, 25, 14, 1], f(s) = 470
Лучшее решение
s = [1, 16, 17, 22, 7, 14, 29, 24, 23, 19, 18, 6, 20, 11, 8, 9, 25, 12, 13, 4, 3, 26, 27, 28, 2, 10, 21, 15, 5, 1]; f(s) = 197
Завершено на итерации номер 21 при t = 800

t = 800, k = 0.8
Исходное решение: 
s = [1, 19, 13, 27, 12, 5, 22, 6, 28, 7, 8, 15, 24, 3, 20, 10, 18, 2, 4, 11, 23, 26, 21, 29, 16, 9, 17, 25, 14, 1], f(s) = 470
Лучшее решение
s = [1, 18, 19, 7, 2, 22, 25, 12, 13, 4, 5, 24, 23, 6, 28, 29, 26, 27, 20, 11, 3, 8, 9, 10, 21, 15, 16, 17, 14, 1]; f(s) = 188
Завершено на итерации номер 32 при t = 800

t = 800, k = 0.9
Исходное решение: 
s = [1, 19, 13, 27, 12, 5, 22, 6, 28, 7, 8, 15, 24, 3, 20, 10, 18, 2, 4, 11, 23, 26, 21, 29, 16, 9, 17, 25, 14, 1], f(s) = 470
Лучшее решение
s = [1, 20, 11, 5, 6, 29, 19, 18, 22, 23, 24, 7, 27, 8, 9, 28, 16, 3, 13, 4, 12, 17, 25, 2, 10, 21, 15, 26, 14, 1]; f(s) = 179
Завершено на итерации номер 66 при t = 800

t = 1200, k = 0.5
Исходное решение: 
s = [1, 19, 13, 27, 12, 5, 22, 6, 28, 7, 8, 15, 24, 3, 20, 10, 18, 2, 4, 11, 23, 26, 21, 29, 16, 9, 17, 25, 14, 1], f(s) = 470
Лучшее решение
s = [1, 28, 16, 10, 21, 15, 17, 4, 5, 14, 29, 19, 18, 6, 26, 27, 22, 23, 24, 7, 8, 9, 25, 12, 3, 13, 2, 20, 11, 1]; f(s) = 199
Завершено на итерации номер 13 при t = 1200

t = 1200, k = 0.6
Исходное решение: 
s = [1, 19, 13, 27, 12, 5, 22, 6, 28, 7, 8, 15, 24, 3, 20, 10, 18, 2, 4, 11, 23, 26, 21, 29, 16, 9, 17, 25, 14, 1], f(s) = 470
Лучшее решение
s = [1, 2, 10, 15, 16, 29, 6, 20, 11, 17, 22, 24, 23, 7, 27, 28, 13, 4, 5, 25, 12, 3, 26, 8, 9, 14, 21, 19, 18, 1]; f(s) = 187
Завершено на итерации номер 16 при t = 1200

t = 1200, k = 0.7
Исходное решение: 
s = [1, 19, 13, 27, 12, 5, 22, 6, 28, 7, 8, 15, 24, 3, 20, 10, 18, 2, 4, 11, 23, 26, 21, 29, 16, 9, 17, 25, 14, 1], f(s) = 470
Лучшее решение
s = [1, 8, 9, 10, 21, 15, 5, 6, 7, 27, 28, 16, 17, 25, 29, 14, 19, 18, 22, 24, 23, 2, 20, 11, 3, 26, 13, 4, 12, 1]; f(s) = 188
Завершено на итерации номер 22 при t = 1200

t = 1200, k = 0.8
Исходное решение: 
s = [1, 19, 13, 27, 12, 5, 22, 6, 28, 7, 8, 15, 24, 3, 20, 10, 18, 2, 4, 11, 23, 26, 21, 29, 16, 9, 17, 25, 14, 1], f(s) = 470
Лучшее решение
s = [1, 2, 7, 20, 11, 3, 29, 8, 14, 21, 15, 5, 6, 26, 27, 25, 9, 28, 13, 4, 16, 12, 17, 22, 19, 18, 24, 23, 10, 1]; f(s) = 210
Завершено на итерации номер 34 при t = 1200

t = 1200, k = 0.9
Исходное решение: 
s = [1, 19, 13, 27, 12, 5, 22, 6, 28, 7, 8, 15, 24, 3, 20, 10, 18, 2, 4, 11, 23, 26, 21, 29, 16, 9, 17, 25, 14, 1], f(s) = 470
Лучшее решение
s = [1, 20, 11, 3, 13, 10, 21, 15, 14, 29, 8, 9, 22, 7, 2, 26, 27, 4, 5, 6, 28, 16, 17, 19, 18, 23, 24, 25, 12, 1]; f(s) = 191
Завершено на итерации номер 70 при t = 1200

t = 1800, k = 0.5
Исходное решение: 
s = [1, 19, 13, 27, 12, 5, 22, 6, 28, 7, 8, 15, 24, 3, 20, 10, 18, 2, 4, 11, 23, 26, 21, 29, 16, 9, 17, 25, 14, 1], f(s) = 470
Лучшее решение
s = [1, 6, 29, 19, 18, 25, 12, 17, 20, 11, 28, 16, 3, 2, 22, 14, 21, 15, 5, 24, 23, 13, 4, 26, 8, 9, 7, 27, 10, 1]; f(s) = 206
Завершено на итерации номер 13 при t = 1800

t = 1800, k = 0.6
Исходное решение: 
s = [1, 19, 13, 27, 12, 5, 22, 6, 28, 7, 8, 15, 24, 3, 20, 10, 18, 2, 4, 11, 23, 26, 21, 29, 16, 9, 17, 25, 14, 1], f(s) = 470
Лучшее решение
s = [1, 22, 23, 24, 7, 2, 14, 29, 6, 8, 9, 10, 21, 15, 3, 20, 11, 13, 4, 17, 25, 26, 27, 28, 16, 12, 5, 19, 18, 1]; f(s) = 179
Завершено на итерации номер 17 при t = 1800

t = 1800, k = 0.7
Исходное решение: 
s = [1, 19, 13, 27, 12, 5, 22, 6, 28, 7, 8, 15, 24, 3, 20, 10, 18, 2, 4, 11, 23, 26, 21, 29, 16, 9, 17, 25, 14, 1], f(s) = 470
Лучшее решение
s = [1, 14, 15, 3, 13, 4, 26, 27, 18, 19, 22, 23, 24, 25, 12, 17, 8, 9, 20, 11, 5, 6, 10, 21, 29, 7, 2, 28, 16, 1]; f(s) = 183
Завершено на итерации номер 24 при t = 1800

t = 1800, k = 0.8
Исходное решение: 
s = [1, 19, 13, 27, 12, 5, 22, 6, 28, 7, 8, 15, 24, 3, 20, 10, 18, 2, 4, 11, 23, 26, 21, 29, 16, 9, 17, 25, 14, 1], f(s) = 470
Лучшее решение
s = [1, 19, 18, 6, 25, 12, 5, 23, 24, 22, 14, 29, 28, 16, 17, 7, 8, 9, 20, 11, 3, 26, 27, 2, 10, 21, 15, 13, 4, 1]; f(s) = 175
Завершено на итерации номер 36 при t = 1800

t = 1800, k = 0.9
Исходное решение: 
s = [1, 19, 13, 27, 12, 5, 22, 6, 28, 7, 8, 15, 24, 3, 20, 10, 18, 2, 4, 11, 23, 26, 21, 29, 16, 9, 17, 25, 14, 1], f(s) = 470
Лучшее решение
s = [1, 28, 16, 3, 13, 4, 17, 10, 29, 20, 11, 14, 19, 18, 21, 15, 5, 6, 7, 2, 26, 27, 8, 9, 22, 24, 23, 25, 12, 1]; f(s) = 188
Завершено на итерации номер 74 при t = 1800

Минимальный путь [1, 19, 18, 6, 25, 12, 5, 23, 24, 22, 14, 29, 28, 16, 17, 7, 8, 9, 20, 11, 3, 26, 27, 2, 10, 21, 15, 13, 4, 1] длиной 175 достигнут при t = 1800, k = 0.8
Среднее с параметром t = 1800, k = 0.8  равно 186.02