99999 2 3 5 6 2 2 4 6 5 5 1 1 11 5 8 7 6 1
2 99999 3 5 48 48 8 8 5 5 3 3 1 3 5 8 8 5 3
3 3 99999 3 48 48 8 8 5 5 1 1 3 1 3 8 8 5 4
5 5 3 99999 72 72 48 48 24 24 3 3 5 3 1 48 48 24 7
6 48 48 74 99999 1 6 6 12 12 48 48 48 48 74 6 6 12 6
2 48 48 74 1 99999 6 6 12 12 48 48 48 48 74 6 6 12 2
2 8 8 51 6 6 99999 1 8 8 8 8 8 8 51 1 1 8 2
4 8 8 51 6 6 8 99999 1 8 8 8 8 8 51 1 1 8 8
6 5 5 26 12 12 8 8 99999 1 5 5 5 5 26 8 8 1 12
5 5 5 26 12 12 8 8 1 99999 5 5 5 5 26 8 8 1 6
5 3 1 3 48 48 8 8 5 5 99999 1 3 1 3 8 8 5 15
1 3 1 3 48 48 8 8 5 5 1 99999 3 1 3 8 8 5 11
1 1 3 5 48 48 8 8 5 5 3 3 99999 3 5 8 8 5 8
11 3 1 3 48 48 8 8 5 5 1 1 3 99999 3 8 8 5 9
5 5 3 1 72 72 48 48 24 24 3 3 5 3 99999 48 48 24 7
8 8 8 51 6 6 1 1 8 8 8 8 8 8 51 99999 1 8 7
7 8 8 51 6 6 1 1 8 8 8 8 8 8 51 1 99999 8 5
6 5 5 26 12 12 8 8 1 1 5 5 5 5 26 8 8 99999 3
1 3 4 7 6 2 2 8 12 6 15 11 8 9 7 7 5 3 99999