99999 1 1 1 1 1 1 1 1 1 1 1 1 1 1 1 1 1 1
1 99999 3 5 48 48 8 8 5 5 3 3 1 3 5 8 8 5 1
1 3 99999 3 48 48 8 8 5 5 1 1 3 1 3 8 8 5 1
1 5 3 99999 72 72 48 48 24 24 3 3 5 3 1 48 48 24 1
1 48 48 74 99999 1 6 6 12 12 48 48 48 48 74 6 6 12 1
1 48 48 74 1 99999 6 6 12 12 48 48 48 48 74 6 6 12 1
1 8 8 51 6 6 99999 1 8 8 8 8 8 8 51 1 1 8 1
1 8 8 51 6 6 1 99999 8 8 8 8 8 8 51 1 1 8 1
1 5 5 26 12 12 8 8 99999 1 5 5 5 5 26 8 8 1 1
1 5 5 26 12 12 8 8 1 99999 5 5 5 5 26 8 8 1 1
1 3 1 3 48 48 8 8 5 5 99999 1 3 1 3 8 8 5 1
1 3 1 3 48 48 8 8 5 5 1 99999 3 1 3 8 8 5 1
1 1 3 5 48 48 8 8 5 5 3 3 99999 3 5 8 8 5 1
1 3 1 3 48 48 8 8 5 5 1 1 3 99999 3 8 8 5 1
1 5 3 1 72 72 48 48 24 24 3 3 5 3 99999 48 48 24 1
1 8 8 51 6 6 1 1 8 8 8 8 8 8 51 99999 1 8 1
1 8 8 51 6 6 1 1 8 8 8 8 8 8 51 1 99999 8 1
1 5 5 26 12 12 8 8 1 1 5 5 5 5 26 8 8 99999 1
1 1 1 1 1 1 1 1 1 1 1 1 1 1 1 1 1 1 99999