99999 1 1 1 1 1 1 1 1 1 1 1 1 1 1 1 1 1 1 1 12
1 99999 23 12 12 11 18 23 21 15 18 11 14 12 23 12 21 21 21 21 1
1 21 99999 14 14 15 24 12 11 21 24 16 23 23 12 23 11 25 25 25 1
1 12 18 99999 4 11 23 18 15 13 23 11 18 16 18 15 15 23 23 23 1
1 12 18 6 99999 11 23 18 15 13 23 11 18 16 18 15 15 23 23 23 1
1 25 33 27 27 99999 21 33 31 25 21 26 23 24 33 24 31 18 21 21 1
1 23 1 18 18 21 99999 1 11 23 26 21 24 24 1 24 11 27 27 27 1
1 14 16 11 11 11 23 99999 14 15 23 12 21 18 16 16 14 24 23 23 1
1 23 1 18 18 21 26 1 99999 23 26 21 24 24 1 24 11 27 27 27 1
1 16 26 23 23 21 1 26 25 99999 11 21 12 12 26 14 25 11 11 11 1
1 11 23 12 12 11 18 23 21 15 99999 11 14 12 23 12 21 21 21 21 1
1 11 23 12 12 11 18 23 21 15 18 99999 14 12 23 12 21 21 21 21 1
1 12 24 18 18 16 12 24 24 13 12 15 99999 11 24 11 24 14 12 12 1
1 23 1 18 18 21 26 1 11 23 26 21 24 99999 1 24 11 27 27 27 1
1 11 24 15 15 14 14 24 23 11 14 12 11 11 99999 1 23 16 15 15 1
1 21 11 15 15 16 25 11 1 21 25 18 24 23 11 99999 6 26 25 25 1
1 25 33 27 27 27 21 33 31 25 21 26 23 24 33 24 99999 18 21 21 1
1 21 27 23 23 23 15 27 26 21 11 23 14 15 27 16 26 99999 11 11 1
1 12 24 16 16 15 12 24 23 15 12 14 11 1 24 11 23 15 99999 14 1
1 25 33 27 27 27 21 33 31 25 21 26 23 24 33 24 31 18 21 99999 1
12 1 1 1 1 1 1 1 1 1 1 1 1 1 1 1 1 1 1 1 99999