99999 1 1 1 1 1 1 1 1 1 1 1 1 1 1 1 1 1 1 1 1 1 1 1 1 1 1 1 1
1 99999 23 11 23 18 11 12 12 10 23 20 16 14 25 21 23 12 20 10 25 15 15 15 14 12 12 8 1
1 14 99999 15 12 23 21 14 12 20 27 10 10 20 30 11 12 23 25 20 30 24 24 24 23 12 14 18 1
1 18 1 99999 1 24 23 18 16 23 29 11 14 23 31 10 1 24 27 23 31 25 25 25 24 16 18 23 1
1 21 25 20 99999 11 14 21 23 15 15 24 24 15 21 25 25 12 11 15 21 10 10 10 11 23 21 16 1
1 12 23 11 23 99999 11 12 12 10 23 20 16 14 25 21 23 12 20 10 25 15 15 15 14 12 12 8 1
1 6 18 10 18 18 99999 7 10 12 24 15 13 12 27 16 18 15 23 12 27 20 20 20 18 11 4 12 1
1 10 16 11 16 20 15 99999 5 14 25 14 15 14 27 15 16 16 23 14 27 21 21 21 20 12 10 12 1
1 12 23 11 23 18 11 12 99999 10 23 20 16 14 25 21 23 12 20 10 25 15 15 15 14 12 12 8 1
1 27 33 27 33 23 24 27 28 99999 14 31 30 25 10 31 33 24 20 25 10 23 23 23 23 28 27 25 1
1 18 1 20 1 24 23 18 16 23 99999 11 14 23 31 10 1 24 27 23 31 25 25 25 24 16 18 23 1
1 18 1 20 1 24 23 18 16 23 29 99999 14 23 31 10 1 24 27 23 31 25 25 25 24 16 18 23 1
1 10 20 1 20 18 12 10 11 12 24 16 99999 14 26 18 20 14 23 12 26 18 18 18 16 12 10 11 1
1 27 33 27 33 23 24 27 28 25 14 31 30 99999 10 31 33 24 20 25 10 23 23 23 23 28 27 25 1
1 18 1 20 1 24 23 18 16 23 29 11 14 23 99999 10 1 24 27 23 31 25 25 25 24 16 18 23 1
1 18 1 20 1 24 23 18 16 23 29 11 14 23 31 99999 1 24 27 23 31 25 25 25 24 16 18 23 1
1 18 24 16 24 15 12 18 20 12 18 24 23 12 23 24 99999 11 12 12 23 10 10 10 7 20 18 14 1
1 24 28 23 28 15 20 24 24 21 15 27 25 21 15 27 28 99999 11 21 15 14 14 14 15 24 24 23 1
1 15 24 14 24 18 10 15 16 11 21 23 21 14 24 23 24 1 99999 11 24 12 12 12 11 16 15 12 1
1 24 29 24 29 18 23 24 25 23 1 28 27 23 12 28 29 21 12 99999 12 16 16 16 18 25 24 23 1
1 27 31 26 31 23 24 27 27 24 12 31 29 24 1 31 31 24 18 24 99999 23 23 23 23 27 27 25 1
1 20 25 18 25 18 12 20 21 14 16 24 23 14 23 24 25 12 12 14 23 99999 5 6 10 21 20 15 1
1 20 25 18 25 15 12 20 21 14 16 24 23 14 23 24 25 12 12 14 23 9 99999 3 10 21 20 15 1
1 20 25 18 25 15 12 20 21 14 16 24 23 14 23 24 25 12 12 14 23 9 2 99999 10 21 20 15 1
1 15 11 16 11 24 23 15 14 21 28 1 15 21 31 10 11 23 25 21 31 24 24 24 99999 14 15 20 1
1 8 18 10 18 18 14 9 10 12 24 15 15 14 27 16 18 15 23 12 27 20 20 20 18 99999 5 12 1
1 12 23 11 23 18 11 12 12 10 23 20 16 14 25 21 23 12 20 10 25 15 15 15 14 12 99999 8 1
1 16 10 18 10 24 23 16 15 23 28 10 15 23 31 1 10 23 26 23 31 24 24 24 24 15 16 99999 1
1 1 1 1 1 1 1 1 1 1 1 1 1 1 1 1 1 1 1 1 1 1 1 1 1 1 1 1 99999